32 27 5 2935015044 1387548504 3643970436 3794603193 3789764816 2912824449 1891036338 3803490294 1125188043 2137390257 2157545398 1258408337 4174801948 1982367801 2622543826 2301422884 1573350247 2715163880 610249141 272261634 1836279886 2948302643 2427327999 353713075 13202124 1963492370 3840653960 114789329 457628926 1194606862 2234081003 295325232 4218045197 2352882247 2392974351 1708522750 4094866658 258743219 2736353629 2604518450 3164722802 857277149 2808886987 684730789 2894460148 2197065894 2212206776 801923894 1478426125 1801995216 3464729146 4116433878 2806362167 462260080 13866526 440933090 1708391531 3368593313 3746728203 3827195218 2730192070 2808086027 4238959677 1490089610 2713223670 1884352451 323975234 3796199624 1510100737 3875739014 2148578285 3162547805 1390705036 1784334181 838684299 633291814 4071589450 2610061283 273313680 2755561113 652982581 187421141 2861060069 2795474044 2639709504 4079004824 2041543409 3638584318 224359988 796801772 1750854912 4033554826 1147991010 2110569894 2015192581 424902620 242136814 275082638 1628908451 3712689001 4177948411 1532008183 1451193301 4237813809 2208551360 1136025200 1738831584 801101552 4206385824 1539907221 566692139 1358955812 3332411365 2724031605 1697915007 4273162614 2972943540 3023036690 3173754527 2208333576 3113938686 306771651 2401559317 4264084776 3819287905 3022455651 1111446031 3178092867 3826479959 2279774512 2363212438 2417799098 1772965011 1884424877 755392425 0 0 0 0 0,1.927947998046875,-32.317520804932940
32 27 5 4022746551 27773738 1942355072 1290486271 1727463201 1587564823 897122904 2379129385 3501451244 2742574203 241766096 4080925191 4222047289 3724075415 421377923 1517472971 1637428735 1332939729 844135060 3554382040 309939168 1182348167 2512895342 1381105796 3620859054 4142835966 3931304123 1601257460 793613386 2635169493 1049421497 2506168175 2125179113 795070822 1192930646 2816526950 680891161 522868995 3945314780 2205788461 1886675012 3369560394 3123979689 4041536173 3943535076 4260808692 2298892162 1000183175 3309245132 211299126 1306368022 1898696655 3309143997 2480075417 741185616 2477227247 1525609320 4121814202 2861565011 2283108493 4217567550 3355844031 2297159751 1859388791 1216045794 970812015 1925437039 120182943 3479603790 3730882182 563338720 388776387 386104284 2453205235 3677857329 4290259875 609096486 3249986832 575884622 1317686939 3239970881 228741740 1917429043 379808212 611324081 262713482 446663628 678687107 490857000 641006874 2413409611 1794590430 2112373481 2435765965 4181117675 1476373522 1375087268 3086492011 3171375803 4219729757 4294463607 1270318493 1452649295 1644520128 3635646958 938483179 3484873801 3186280207 1437277183 3654120803 4121584148 608357978 3145136512 508010643 659083265 2292872853 665194023 2851418823 66219611 1709678795 600464061 3402563385 1690520946 1148240243 1690154871 366758768 3027526476 632958361 2548735390 1796793865 3735034423 1145676814 1208952320 837900946 1201146194 0 0 0 0 0,1.927947998046875,-35.825774204352973
32 27 5 1001403107 3230066711 871654098 2465260421 172716758 3080524946 1962547998 2335133150 2725283769 4198065847 3416065933 2859417978 2960693820 394400658 3289764446 2585629026 2461706383 3205790123 3514939746 3039294370 3852260087 1822467792 3887404827 2416895293 301434897 4076398765 3184100690 271122443 455929645 4208985519 221789946 1378417968 2495940783 1857982806 2197182185 384994661 428692027 22405012 1467785316 3723941791 2520585703 1866185238 1634833100 2632984853 1212988899 1953457182 3623161863 1812507405 1908604213 583699309 313393544 3429862661 1162277847 261338424 3480120377 3998058083 602193029 3502623518 991917042 3231326706 446749542 1930139628 1134691065 622087861 1341953827 1924397840 1484754188 4070978558 4008581993 3129880400 1715383791 3413485180 1955011114 1950001064 144261355 3116918660 1997916145 534501914 2094942680 2579237993 3633686677 47216949 4005691493 4104071173 831628704 1864975770 1328157787 396563345 307869196 3537742574 2160326410 2013852680 4264737781 340173322 2487284348 780034932 2817903390 3088574182 843099599 3161571762 3535827927 1018785348 441132498 2279875010 1090314638 3921910055 683934845 582275727 1405234484 1418487990 3731402175 3948201354 1788064102 534686070 3526233475 352472694 2550548462 3487844043 1442959326 1385767548 1976790986 906061934 2492831210 1141532564 869058613 2502071892 4156756992 4150937994 1151050796 586212055 3697837216 2137727247 1613001770 2416019957 2267574935 0 0 0 0 0,1.927947998046875,-32.619739341806230
32 27 5 293146932 2206864066 977627081 2111902164 364061863 911307206 1102559177 3872002403 2715698298 3048542834 2934905006 1261804434 1454958963 3269493092 2977936367 2327363545 1277440605 493758266 503689536 219100278 122651264 1551384474 1515667364 3883738142 2290328698 2256491135 878954333 3245140232 3062757045 937371035 158320944 1380352589 3782186683 1791775852 4071502836 2279602787 866935778 2374811514 3843442172 1341871267 1781848541 1344585784 3306799411 3623661827 2003936655 916689220 3990819216 1684034628 3861507921 2138630079 2015546371 3819885138 3246329270 915359289 1917265124 1103213869 1015911580 1026834995 623222182 227647223 2862819386 2814026280 1668212294 3713880983 1152870573 4230811500 2467577185 3305916167 1968349466 821126847 583598241 4112628220 3611956869 214205688 3692363917 4011806385 460844163 1610723155 2536635004 4216140515 900250847 3475473574 1399622233 4102534443 3252382983 2327574584 2889562180 3741794728 2835528919 3141379215 1174606150 3095056363 2279357956 210588410 3035190973 4215602797 3948725137 1556844492 1590288965 1970457578 1864348874 641260258 3709642719 3738365595 1963224116 3665442831 2768509124 414936379 3826687116 1915024437 3063022131 1388067469 550888805 3143209966 2867626180 457712339 2206792145 3236470156 1456289303 1121998027 3089504036 3723717198 194762419 100219579 2195671837 2008937140 3961099901 1508375839 3719874607 2897236500 185789613 339150145 1887105386 2471003255 504374001 0 0 0 0 0,1.927947998046875,-35.020626035873894
32 27 5 2128439175 3915685184 396542191 3476772301 1982619181 896470179 3898683951 155578100 3060010500 892026681 4110047574 2545623561 750964381 2615428729 752183744 2311269434 1649627390 885074810 297549960 460013982 1651676189 4268160665 527645408 3596012580 2985918011 1124190431 3435683388 571553658 3840548194 2821402122 25895349 1948950367 1046194787 705050137 1866921243 2869513242 1614587057 869382680 2590769414 1477911004 570139538 2049932618 2018456290 2939134455 2411419798 1489719258 79730626 232546190 3667685786 4024683386 3798292701 232892773 2720357933 2548156887 1545857282 3946223590 2161981735 1447422442 4209488356 2119892694 2110029696 599727249 3905254523 1865024533 3524406321 1276054861 101282210 2421049189 2414927774 446105206 1263887085 3342083134 3451871056 3888633089 4166569702 2276725254 736214720 1961618356 992263211 204228853 406136607 150396188 4218700495 1091261144 610316153 2788622919 937786215 3117891183 2204987492 2856900111 3467047587 3781989251 2069729856 3779442889 4071493174 1055756195 3051535040 1150141167 3819102095 1392506204 3527829540 1313011065 4034739142 3228915862 932013384 991950460 4086878446 2715127625 3404057624 2822796035 1722664869 3560745267 2621977058 2709205378 96202513 3031357918 3927909269 956858843 3093083923 28060116 1464872448 1729315479 449477613 3058008627 1884354263 2622949428 209123051 4083091202 627942791 296894688 4027592196 3298327426 3895282873 2557380082 840153736 0 0 0 0 0,1.927947998046875,-34.150996003371609
32 27 5 2232667527 2423413313 3029935254 2384112814 1156582185 3666205841 507765301 581459617 759450886 3641221392 2382947515 4252377992 1051141517 2841858963 2522447964 769830644 1019849834 2950878554 2120367680 2974389359 3270878951 2541955647 1573500668 1171233335 2103109751 2737421253 4081382717 239700701 3805487260 1335007637 1916127656 2663062263 1242828543 4083159573 3286040536 2731633067 2007624277 457287045 2231030353 1663191282 2217947500 1448525459 2445524780 1282903902 3534387995 3379546333 464660299 2222775341 2894814947 1474892699 1524438652 2172062443 3320826193 2737934799 1813768629 2751413716 2884953575 529263445 54364028 1033550473 3965261125 1118632747 1445989146 2876528023 3717550448 3006403294 4043994200 2831486743 1205436515 3895535806 34357238 3468689012 1951638732 1517651571 3863703964 3357601177 355637753 1046812685 634447147 3015245145 1639637651 2771844404 656959115 2593940578 117663650 841047597 2902218309 119769569 4254869125 2328330699 4231400313 3294671306 2386500231 3247061305 359521211 1288218325 2211878477 2353835686 349690168 2458127046 2679182492 2034404173 905199988 2393071272 955591232 406887425 1547748964 3505142086 2558185823 33552139 2113628410 1731916723 3215410201 1517118018 92907607 936647276 2726396420 3375231388 3486317373 1110113836 3745417329 1118350012 3948124483 1604115575 3124920355 787114257 2196829389 923397702 1706594679 2828259954 2685572385 1183130153 3905690086 1612383969 2871200519 0 0 0 0 0,1.927947998046875,-35.790729406756423
32 27 5 2722672908 2607757270 2399037819 3396808239 525956952 4217286999 244473766 2657419045 3047940087 3850915978 592110520 2115888205 661966037 3197240878 3380133832 1014899836 3243463239 332576306 3066684230 4094665177 4186646750 4028506634 1033148574 321515238 1308517106 3256866676 612781531 3663661041 1516216560 1794162696 4166804931 3578369838 3985524905 1283530583 3583446955 3144742082 2208944571 1028868970 796844746 1540692031 2590360839 2525134992 3567228073 3186268606 2532747424 3301257902 2039354067 4258991800 20162709 3654293704 4258644221 2024153143 1012539631 2819956135 2961100627 1058446920 810633929 1758029778 155286947 301518953 2473151799 1488502406 171063200 2272517686 2661771931 336908822 2261262588 3982553168 95501035 90140 1981466450 891812473 1173171798 1800880507 4001446523 3563118053 805738156 3985597566 2785902217 2816040857 3606455757 3818387799 2875149437 213756009 3739414774 1858578942 3107266530 3781125964 1470845495 2115654510 3224654942 1048915316 3095844559 1970862963 4132890913 1078321491 212004348 4274298781 2601306533 2812867405 3154147497 214515165 4067431007 1804949161 660798620 2569593574 3697193593 1018054541 918078139 3568099295 2926669522 1560105654 1074246578 2831651138 430644617 4232324287 2396686689 2155491728 2595186146 4021622767 3077259854 858244825 1763297812 3381005668 1154260701 1697965521 2065623411 4158570712 1936243199 1764369581 2256021002 2919807929 4071472180 964420400 1166788164 0 0 0 0 0,1.927947998046875,-34.920110377727797
32 27 5 1918814838 831010778 1046302323 470621080 4084807638 3991270729 2488531025 424611179 1790078843 732751219 3361660994 547566018 1725032622 3436503835 1262665527 1118766143 1922744524 3527046015 764270328 3289642898 1330566159 1653998494 1314979512 107304831 2785698794 4275654399 3560129904 2660527038 2114260975 4027972799 639115779 1614518475 236317344 717351775 1203125769 1715420443 34588135 428834027 238862053 3101904910 790555877 2399643811 261240792 3369248081 1669654460 1034329121 894316424 408686899 18022452 508096140 2778859918 3964668773 1728253890 2597077130 1885336762 3409783052 3775225786 4259102345 753106021 282134413 3673104775 3817417182 126123334 795492778 3816572668 664883347 868647912 3209651794 760703776 984704652 3026407202 1766390984 331928295 2281628101 249010706 186317051 3100816726 1590542249 428503331 4103794117 2890560514 707217544 3525884622 3308068781 410898426 1886907979 2332014070 1312345338 2265197079 476615158 495194212 4239393921 2825455515 28025947 2209896675 893067557 404536443 2408700327 4032454831 2504714474 2579200574 3774955627 527900745 553192804 876077879 2756340784 2910377241 3998598556 3935319379 2645951815 3464780622 3190847115 2740310221 816756555 2106020696 587560252 2100480609 764463363 2973088669 1652232248 3987679132 2667702012 668733983 3645701935 410093101 1554813353 3670947326 3050746409 1087810885 4248267657 1452289234 2528798132 2406990089 4135313867 3932295213 0 0 0 0 0,1.927947998046875,-32.205642056070293
32 27 5 479454529 3268717054 3164876352 597532238 2371682445 1636102963 2320773698 1318915428 3116417764 1776095865 2896593303 1478429597 38060118 3934369569 1271479174 2575522023 1762625746 2765230148 920394708 3431022242 3938536990 4173177299 4231657591 3779399384 3152817369 2416218378 440576909 543407662 2647959452 3703186602 2395121666 1280537936 4023362626 853854253 2813616260 1672661482 1676483234 3969111641 3660115883 186460516 3104251202 3041087000 2339942778 1883317762 2258780734 2617876876 1267400173 2107330842 282359220 2698977146 327941632 1440807870 2444115156 1454180764 3574530004 160535695 3635424075 1469528163 2193721653 2806910017 3512701500 183412355 3335625505 2695527149 4162592330 531312289 897930169 2669614872 594132050 2277688489 119686864 279090077 3096835245 2158986912 2005704089 809652613 438684942 3075437681 675880811 1114169035 2736935019 3214817505 2750177530 1966089628 3799940096 2061730256 192964615 2493728234 3169708069 1335405212 1720842616 2547589447 1569342699 3883972599 1584917145 728528678 3702431452 1565773365 774993498 2266534357 4229117505 3465260223 1646362362 1153465778 3070948932 2258023390 3728889542 1277758577 1550026120 510932501 2949576889 2130384571 3674754259 2989717056 693531721 1806802258 222875223 620566688 3943238640 592186241 3959534135 1876947167 1298196625 1719810792 1575502935 957314551 1235105046 771818339 1366088434 2800424547 4134397680 1055169999 4187388139 4069294767 501623224 0 0 0 0 0,1.927947998046875,-35.029633214689436
32 27 5 42891821 2835991426 1992263787 475676767 1782524847 3030647088 1091550572 2392843310 4248804708 1527086471 2477300220 3592887899 1351310205 181777652 2470188990 3665028964 2904272372 1336694604 2890177695 203756632 3529258856 1286951016 1433310427 2460753702 2959128562 4040938786 28303499 3527062632 695422483 2132347473 2290234135 1422124531 1410087248 1369937567 1597553600 2381086567 2286007636 2495758482 1219127660 509554567 4016467702 3811455802 493406757 680852935 3147110727 3860019574 4234154596 954866636 301594553 2599666512 551608242 603850988 2419019373 1116055085 2443820092 1931202102 1915626973 1975078323 3215714064 1936130990 3263311394 1828657463 422936240 3633496245 4102034244 2547424422 3107802944 2457834166 2776918795 3016655032 194662419 1934145608 3850660998 231819031 3910956670 96459627 1393827570 3529489997 983223538 1254326248 2046766423 1595310838 574993765 903664155 2436232939 2099201698 842976821 1181043948 213388433 3205361888 3133559966 713144644 1757377424 1802299918 2524655687 3720984958 3441929092 3978939636 974610436 3736461475 210928785 1663049493 3133407206 4228513517 3758494220 2853789570 1392544091 4152850480 1045405678 946922104 521785774 3709104961 3212978652 4047547013 3979570085 2800612111 671136162 2411099203 3988924020 1342514876 1015883695 3258027003 3678892957 1087374876 1772045954 3631055238 2120937399 1355295406 3700178547 4059817273 996720940 1103573475 3567677176 3766033189 1976096584 0 0 0 0 0,1.927947998046875,-34.021885610726274
32 28 5 1118256091 2216033821 2431210115 2359066717 1076574324 1348409990 3265904023 2551461318 3312566325 471934045 762170624 309069437 1087450348 3793885355 115983145 1462054441 2306901789 3951507025 1560418828 2205294128 45519848 2842028095 751555593 3390452197 2564942102 3014289313 3643048232 1133810156 4100047168 718095166 4184752823 1694056595 3510839078 2415040466 294478198 1826990714 3615535095 555297792 8364936 3089459173 685393426 2857747756 1937342773 676661945 2275031760 3886844841 683736353 271809612 3481394306 1529075744 387182176 1301491648 2083009443 665062604 2296015639 2040777525 724607071 111708492 1389300206 1655847654 1379741303 1244146171 2956491231 3991920543 3539839880 3580459683 3638110345 4279461746 2530519349 1182829883 1874708244 3768827210 4044259626 563579083 1259503125 4262953159 3579458734 2926753283 4131114089 840629022 2711949782 941786086 559116135 2780401634 1226640582 3910653368 4260197181 520250980 783634191 4153889360 3751439427 1745320595 1677538103 1640974611 1407662619 2101770637 942267134 2716150356 2540555866 219811061 385308140 148866685 1800532237 2981921860 1487668172 3656275706 2015237112 455993667 3962111139 3122065065 1528137242 3128540306 4211750128 3475100669 4179598597 2294303113 2586565907 3368686074 2230635561 771818776 3990761999 2967542908 3982077343 366222341 745106997 3390049248 2600958204 465065103 977684371 2367712461 2722848736 143022503 1957782857 941088248 403092497 701013843 3433787229 1151980035 2724676651 434985994 0 0 0 0 0,1.927947998046875,-34.863127995876758
32 28 5 1559246857 1151835385 3110225066 4236515843 1969567320 3665352555 210775335 1419014983 4014578349 2224459129 2781264418 364463337 29009095 635290566 1817535091 1159725562 3295839831 437557721 3328744411 2175990083 2647159048 3355408649 1483342366 208063589 2684744198 413021942 4194026996 1169917862 3710927839 1389789325 211322084 3103016147 1232303653 3662249908 2446841033 4171628531 3650103970 3439276778 966776261 1406193580 2001992412 4002738832 4235606400 3417896674 134905533 1298376154 3802286993 1275298782 2838327284 2777065285 2630333635 1664061975 18998667 1477475717 1706460638 1734788619 2365696876 1652653638 2687905321 1792887165 4269838721 1982631794 4086755359 3586406427 715512850 158171581 418877706 1971224592 603128532 3672036878 4187671329 2513944982 2984727822 183798097 1715244030 1441745819 1314008313 28157164 398485760 3791858502 3134728684 104980155 603018240 2425909460 2881140797 3022684250 3674934932 4075707743 1007795841 2774080235 3546317845 1120439122 2515466863 3399661626 1875626047 120216367 2568568674 2878593932 3336638334 1814740194 3686377117 2826357925 923313470 741512194 3322829981 4279531872 2647221443 3120019394 175184300 1494495141 2885369120 1544682398 1093156119 3463727187 3947297811 505659890 3057410165 1622751281 630686026 1265570343 1125137251 617193324 1000878504 4196698458 3346590014 3282995235 4106889394 3274674971 1553901821 3482328841 3544369022 2526926712 2898723822 548078127 1699660469 3094780691 424443317 912785425 1868630917 3499131621 0 0 0 0 0,1.927947998046875,-35.889899857298454
32 28 5 3605040366 1505522014 2312882409 1955552925 2994215339 3713509795 3906590741 3731618740 3040556019 3586376932 2968820850 3591848672 2850339694 1137489418 3194737162 3361189606 2573353833 1824990831 772047971 3166075824 4278400828 1268162272 2616336714 3771849890 1274090126 3942750055 646109158 1976096283 3982404154 3231936249 411053842 2510974899 4167444643 3410547275 1968949413 298093624 1872991814 3060974084 975437763 283589178 364455254 2059589458 4160456253 1511813578 213308492 911468482 1240624794 125167067 1887550330 2298372900 3716003561 3559465187 1914412245 2167995058 1370757678 2866914016 1872091063 545702082 3229120910 3379147618 4167153795 1849247808 2487987267 322467085 4073795339 3020534007 1065263081 330044455 4225995611 1447685191 3305434022 1367793554 780826268 3009908549 2784202055 873804048 3483084446 3989200974 836079558 1195673632 44928284 1306278763 3658063975 2947346755 412458704 3852098116 511709186 3507047403 1344451685 2779596614 2743642467 2208481565 2769387225 3262743213 1523174731 3426590836 227888307 131462026 1391721949 1699881504 1508389187 3580068376 2019436031 657174380 2977558300 431624391 1705447174 2021635756 2621636490 393796966 4101995912 961433746 1150217118 2977045816 3681167646 1248932037 698986348 3707077271 317159578 2321732750 1898247037 573495762 2395659560 577270168 2840229187 1781740392 3141966881 2447115797 1922694733 1690284216 2324690187 2932650281 2274968398 1620810164 491869527 1749462303 168251237 3062526809 2138658795 3357837570 0 0 0 0 0,1.927947998046875,-37.035569480837544
32 28 5 407259400 4222626866 4235401047 1358505414 3363982025 343972549 1286029101 2931827313 577973612 883607713 3399266039 3002463352 1732290741 2992367316 3746791754 4150567027 2875834768 1748008308 1209019323 3680579676 187379629 1282352051 4080663764 2283949030 2197730114 4108414275 382283687 2935024650 3007873420 4202489466 2715619003 350615915 1790449666 2998508327 2230574101 2944395724 525725194 3459169109 3049496291 1961040030 1618260691 752656065 3804398684 2634787151 2423430977 1350412851 2911276272 32732380 62730304 3543428310 564058853 3130236443 3340978445 161372744 2105097683 4147331415 2299397768 866941835 314599677 1427008845 3176645926 3295257224 479093261 3378853210 2743934790 995654270 2208010338 2997694574 2041835215 2760240316 946955414 3666724709 2255569718 423622948 4242944176 685397671 1743130586 2966316770 2464436379 3401430579 2393626819 3590128990 2616865770 4137612672 2231808798 4066135065 4221563835 3635862081 2249125606 2060527068 982936292 3375880299 3926401302 4262951818 2556441617 3626950841 2733687051 291294983 2589281861 2862542183 3243299921 3438606898 2715313135 3860598296 2491683641 2186583287 653245568 1272105077 1624522270 1905424040 1943239017 4105805933 2034072183 3168901632 118830044 3796094853 1954683235 216561162 1587865002 2322385988 38822874 770128639 1860583039 4287122972 2703013143 1965170810 1840871886 3844241502 1632402445 3350104357 2191819003 2609213374 2862656554 3132126513 3458346929 2114196668 284881110 498732515 2895811509 3874896153 0 0 0 0 0,1.927947998046875,-36.827473640279608
32 28 5 1758065236 3272230731 450816196 989028218 3675924285 3904296099 3401277731 3322005504 1154010671 2453356592 1968357773 2279973744 2015879960 2730133935 3909309785 330486570 4283928881 3293252329 4130997933 745265364 2317893477 2035521023 3426001348 119670719 892699877 3494481535 895212008 2331817911 3543698407 1218703561 538904934 2516792079 202597001 2692039282 1536908436 562679200 906425752 2689312080 4113275252 1813610746 2273774990 1249241287 2128637390 918046318 131610161 3023254516 3429410013 2087875014 3629484208 4186343631 4240317808 909104549 1982687751 707702298 708921372 3776997366 2740086694 192114970 3549405223 1344599994 2582057613 746902435 3073572777 2824104975 1160437861 3408409750 718133795 182587580 488618493 2448668671 3299766707 257958187 1214127419 1977792765 3863362451 2111425015 645097605 1460993949 3188042368 3108684923 214381863 2646236171 3001068482 3743946390 2736272317 1390487314 1775130582 2981577628 254767606 2108177283 2004389809 1307581516 1355890559 3010609627 494203194 262206763 4239582678 1755709614 3523846604 1068378512 3615198339 1399183023 4116739608 1558017091 3846290193 112660046 2926377174 3967109433 4256650797 2087068001 1454531732 3138913609 1601563162 441311437 4102141063 2798410994 2649811569 1171315372 216541081 560504261 87979708 3378720029 2709537030 1653250503 729547089 3662989920 241991707 417164763 3175529779 1091503764 3509357432 362659418 440668905 1014777921 2418858571 1796484389 1325081477 3830585976 2099751179 3380490919 0 0 0 0 0,1.927947998046875,-35.963071170407479
32 28 5 3839740495 1040148373 3010877276 128547414 328839749 2816427934 2405430431 4257510292 2740969773 3530248889 222931172 341074598 2329079051 2662580063 322289739 2574154580 2977469702 2694469025 1138208659 843727439 3785720343 2163586032 1469925353 2360120911 4106433451 3676182664 1309409470 2011156993 1758871045 1982127337 3953926951 298396494 1723117498 1702320410 728829714 2276264771 3101305110 1378141496 141597992 3662503709 278163806 1746256846 923571747 92085914 3714264943 2876029750 454853887 3970981143 1062488487 3306388674 28044137 852097911 3636086480 1849415251 4245832867 4267010503 4214452690 29412831 1491460569 2965101163 720707001 2214991631 1134769857 2539898764 365913530 928949057 2173313377 2544872896 3190226871 2534244668 658750795 2711965812 3050674387 2908296571 2715097301 28640743 2007083011 1381672622 1580603321 866798984 3884655769 2747433073 1367745302 3088935834 317615701 3563911746 4252615747 978730955 3015038675 579111618 724038133 964391695 466969636 3606831187 482965697 2366963612 2363054106 416248312 3984797027 1630604406 2396823419 1256146577 1920330113 1971417234 4156530826 1682365109 3662844606 1046574840 2927992063 1909360807 1974829802 3874762545 2307700261 3154662504 3171749478 2690648427 470724821 169107955 688468109 1451296922 1104467448 1880994489 3374255984 3936242533 2091759830 1590900489 493007144 1961558987 2030405340 2654639614 1714742746 1801040442 543593126 677408819 3434892836 2629650901 2997931582 313290987 840645302 2317641485 0 0 0 0 0,1.927947998046875,-35.853759400078494
32 28 5 1344866372 1599905360 3727746196 3396967297 1785348509 873396954 62186180 1352807467 2951124230 983085599 1083972390 1647742515 1847971632 2859177830 1049592787 2430912220 3320537474 1831664667 2484486007 1245519549 3484635061 446736125 1191194596 643377813 3627093387 730977907 1822103189 382146663 1217709776 4029815063 1833276973 4110196917 1541601883 1791782147 3772104350 2560778685 2388074191 4290550523 2791648679 3534894080 1100484243 3417150400 1005789857 3645065898 2178386003 3353475971 2018075366 1623233067 1599727019 3566860052 3437881559 2463456960 269655319 2697312431 2194319812 2354745685 967567385 412683335 1584642127 3216118425 450035686 1643244100 2595736802 206032365 3219753747 2414864467 2952862414 1441071432 3544097492 2781085756 1366102093 1328957885 1243192200 3929015289 3608090600 3478553356 642396528 2459682635 2019280209 3332301566 374100631 1370980747 2315466193 1482341 2192175546 1333641127 2739020279 769331968 3911857805 3976023172 1830095914 991018037 1969179974 3315433832 3766504197 717834301 103660773 1078858200 2565191092 1605499137 3090549473 561798382 766612725 3578384243 1686829517 2635416335 3251016296 3170872540 1912012135 1243371149 2835882719 1452579356 3270520825 1233320080 1548044120 1310491256 1835570549 1996363850 3731334718 4153330821 3659699781 1603991566 3403133816 2410149345 2223135298 975433303 1840877885 4161650757 40249359 3729676881 308035831 1512871042 1253895319 2757990518 1235768466 3464735400 3191211899 348827487 44567622 2069670919 0 0 0 0 0,1.927947998046875,-37.832774067267869
32 28 5 3086320056 4050674474 3735396087 3086683005 2510988803 3306206405 398392657 1907235258 2762129137 3726940330 270408280 1858522263 2718863164 3010628670 627246284 1126909392 763108284 3149753123 991565173 3487154501 689803938 105376832 2962809111 3551697962 533582516 2282644628 3988813118 3917375456 3640797758 124684776 1018337166 2081842068 1988375134 1117178711 1912989724 1974473816 416265939 1950500355 2429634585 38246030 620880273 3410143367 1465064567 3998748891 675800624 1614343338 858948978 492548453 4001997719 4004188414 966419321 4029754994 2559395172 1875487888 3111283173 514512528 2423964671 1118531559 3302409657 2587901799 914679672 4091882656 2400084877 3778538163 2848784404 3266917893 1986705647 3390361158 1240830265 1264988268 4000239727 4272705403 2635754627 3056543521 636231401 2024267931 4232439434 1974261309 3347265608 3944873341 2605652526 1773823993 2765227603 1594279398 1735469496 1792426498 1449925553 643133615 1605948878 3755054553 2822872562 2190200219 1420959710 2411171463 91483806 1337983381 1959742567 24484747 826754221 2715548994 1519141097 1142779299 2515958184 356980425 408858836 217527634 1813268297 2919561373 353489119 2481539185 1808019405 650382307 2024189956 1884021941 1121902710 2304881645 32340314 2634438376 2687296856 2527133986 3772556339 2221314064 2460588313 4266770562 3711134926 4028847935 3558140389 2421178733 107049899 1853480357 2355139145 3559956295 1824523753 2901915190 2662233809 1626573458 2167162966 2467570300 1639592541 1119191145 0 0 0 0 0,1.927947998046875,-36.304705594502048
32 28 5 422375654 870993870 2768414665 2177433185 693803481 2980474095 1076658162 3817068741 3595293589 477586508 558107162 2325256382 520467419 3009916040 3793698877 2832243271 3726180640 1566892145 1370248658 2592468829 1822964146 3063208538 2288788423 683241346 734652691 2429676420 3631758627 2444881096 2049180530 1211132871 2156857084 3854344139 105024260 250441329 1030808841 3589504628 659615009 2189084079 1654172380 3968357401 3546325387 3849595202 194675289 914267118 1207220632 3559012904 2026631679 539011075 607025589 4291006539 3338822142 543986294 2965309748 4272592006 1308043578 2124518251 557401406 1891023781 483414725 1077523417 2758030773 4123346746 838944246 3230814256 1408433116 3943238590 3035915603 795336834 2200562336 1049323664 2303449372 798074678 276553954 118540548 24530029 906085790 3288628090 3395077 2392690758 170225728 788523191 382518700 2537435142 1693696414 540957616 4051744121 978244901 1044480312 1518843194 2222726175 2051812271 3620810309 831880764 1642439769 1067975124 2465409269 520324253 2093746381 1678534203 3233571302 897848969 452871096 858749731 2926862084 983627491 2541223152 2643965663 3169760172 2492161126 1666034594 1422176164 3988430661 4276280796 3618780676 2311293416 2759892987 2039913767 1658911840 3421441695 4008971348 1235002922 1786430896 3879946112 3139684903 4195815219 2348549284 1368850257 3984252228 4270483986 3479618663 4246846187 2153395827 3247701232 1523654616 3208127253 1738797570 324341117 2128405563 490877069 3886696658 0 0 0 0 0,1.927947998046875,-37.732470649846824
32 28 5 3111999653 2633154076 2254075209 1639107897 1779485597 1445280197 2272119886 2043162183 179306749 1803762520 2956830183 3225622587 501050312 2992311867 607075451 2776236172 3919827644 1090171629 747421341 2680563719 3131726228 3363613858 2445140699 3033271113 2965173127 3506048209 1020164929 4082786312 3249346051 516349063 1103880306 548540489 1592876067 3961253069 2331320167 1020481369 2903568015 1172269696 3810731441 2683269365 2885037885 2251443614 1934902021 506987828 3165711048 3689621551 1604827452 1317118638 3992506378 1432624532 1404036013 3126506344 1497794173 2791741394 1612853241 897522130 2843578367 1940328086 2440666869 678708036 1886898307 1965173239 710371334 1795087687 3735400017 2138122356 1866797228 1243931661 2734198763 3369522880 2051216860 770699185 777621449 1512543916 242534182 3950587408 4187818857 3755296186 4130777022 2433597434 2032711677 1168331501 4082417368 1844282144 3805402812 834055035 2961444596 3291580572 904031796 1247555069 1909225938 1997647741 415680636 2715072579 2648950299 1329323095 1347846865 2302030077 1304331234 1966691180 765644268 2151131561 2768928438 3582615826 2286666366 4215769074 2514112 672509062 532593542 938950699 96817558 1009435974 3852499134 581468110 247709595 2321358643 560525715 3035526412 2236849325 1336561708 1991138311 1786617207 136997531 3556916282 3456995031 869929706 3107443583 483722885 2867322617 4186217454 213519427 293821311 51470778 3807854928 584759607 2053547940 3340392874 1202793944 1413885892 475207753 0 0 0 0 0,1.927947998046875,-34.850184800759571
32 29 5 775794500 3455905189 3023822825 96597233 667765908 2978430311 1855302232 2567346269 3911446362 3064690558 2726628968 761520330 2488104952 3899310885 1805386189 3746212254 2477693391 3769347113 3085763906 2848636921 2994063786 112708516 1600196047 4028024598 199724410 3389450732 2390392134 2967076522 4052776796 284100610 3812771213 221189415 2063676898 22144688 1329651945 1841463427 2777637161 1604643351 852712623 3234127888 3553932233 260466873 2490827521 3829902445 1878481956 1961113803 963656349 1282248139 4200811706 1887406831 3462105950 1156481075 2892248226 4079692447 1460321970 692952212 2579661978 4288528285 1147713310 3452558171 193444520 1775761365 3373879145 1088015799 2016830758 447181903 646625800 1157420399 2263921057 1916480703 3711692827 2138201457 2312539258 223474851 3711041507 3833195751 3240878252 2931181914 658334033 433623945 1145273297 1654946717 1875093797 1545409030 3167827632 3230704276 1990954872 3835199555 2549462215 2291451917 2453478548 3813201774 762463898 100164764 1037712016 2091696371 3369447673 255008928 1330296231 2874225154 4260956666 1825390209 4138434345 540152400 3782323738 4157044875 970419717 1155565738 1749551875 2633013837 4087080814 1673418319 2104268398 974651546 4242692481 2110528093 3269014398 1590627927 264783233 2856281359 1022032220 271287925 2247599913 1525628522 4015816812 3329568909 3838177670 3360801689 2627854044 3197138650 1780594243 110868022 1576121579 3065935464 705241578 1606241897 289542190 1895421583 4142677377 4031213866 1114292178 2525093919 369810055 4265692151 970338465 0 0 0 0 0,1.927947998046875,-34.952127367925513
32 29 5 1118093423 1136708658 3529340046 1873969498 3268140450 1452087747 141387178 2058540330 636047129 2471807838 4071261554 799557507 3415108621 3521929596 2567382248 1645488451 1167929507 2420569554 1715839170 277980288 1145150113 916650696 1482050911 1780532329 1481480161 1915630057 3996978221 1668595385 2190339457 912975412 1046641574 263859745 40853598 3529227924 1795483729 2075225559 2191534124 3593065307 1625866052 3012970149 1737523367 1397911558 3680260330 824638440 3837155580 2021200856 3004475318 3560877757 1039235872 1468593999 3796897361 97994848 859657541 3771455142 36317782 955554503 2516663976 1343776807 2645369346 2456260655 1913981877 1125786122 4034484008 602399137 4217323857 3961959836 2672842204 2599601402 2589437422 2416700601 3188589971 2408886695 3331908006 1351684507 195037118 2683164808 2829658114 3844578961 3388446768 2798272207 1686054427 1530332382 2828425524 2553430844 2499095967 1674012620 2165669511 1258532145 3007783237 3318154086 52110471 4002912731 2705179178 4068026754 3320149508 3007615060 4283646675 3769231238 860854794 400246967 1728414976 3070852648 3665483278 631324922 3903575686 1017679763 3429876001 966703005 728152282 2158364771 809330260 4165652668 3188900932 126375428 302479608 1192452888 3880286178 694521864 585962760 627660639 3692746908 1587220689 902457119 2591480048 1606491450 3642825177 3021006642 3882044319 3691944743 1098213607 3564662528 2175598548 1910594994 1509711868 3213144036 469913334 3291429937 3296820937 1022464891 1174282740 2077734065 1860721106 2325087968 800810575 3026553044 0 0 0 0 0,1.927947998046875,-36.984910117000060
32 29 5 1174012851 3113170432 2525624426 2601552767 3060993531 2977316508 1604671930 2090468486 1183690955 3833799281 2473438773 3664966258 1473094927 2346533989 2967563680 4015104532 1465059022 1450088873 1595585484 992690138 1491325703 3624922593 2285018813 556383823 1740050921 1098009163 225686547 1541547701 1700201123 243361178 4177645305 4133347328 3536430363 2034248231 2399696065 4045248298 2890814861 2196729205 1984188681 484494915 2377767628 190908601 2028929127 2980359189 673364005 2345261433 1995555909 2106933253 1023211369 1740612768 1966918599 4183876735 4220489399 2294819718 3091071990 3844483906 2183046036 1135192618 3340121584 2550325039 3031785836 4064934043 3227382893 2653868530 3157945735 1038000251 4144705096 1620566357 849456001 2994994588 2990158281 394224662 3990318832 2133232558 1425939330 946127368 2466100055 2810192431 685474097 518360090 1961054075 3142307676 3612788945 669251467 2487840967 1145760820 560524689 3421765690 1039064730 3602492306 967476945 2577516626 3137634777 1670034227 2973498907 2073711671 3999857732 2048068277 2976475838 2198839603 651070589 879456901 3670199290 677319101 3717049732 3583212049 3807027872 2938938137 420210246 1773180076 1724705310 2386268367 2353669246 1927757376 1685840974 1005546057 3214856848 505475080 294039063 2589569389 1325291259 2379915820 2715257916 3780708599 4223740181 659410312 3344867832 741761381 3020140134 1169368898 3660106448 3469626629 3291159189 1343574877 690666616 1512422812 2100173348 617632732 93207995 1876652992 1684156190 3789834377 887302289 1657544432 364204884 0 0 0 0 0,1.927947998046875,-34.343094514707158
32 29 5 1565874410 4063461717 668130787 4117428116 1474567429 1066560346 1165600739 2864156012 3776424747 3366951971 2872519959 3931852853 2396777298 3161180816 1315781184 1582437759 1710468856 453530144 3815897221 1111758666 1380165685 773305568 4252792626 2658332934 2112103886 880681702 1075947892 3120615838 2915347400 1419066935 2959787230 1680556167 3517539573 1939672092 1122714969 1993816134 118329824 2830454115 1424416065 2215125405 4052161918 171699477 584002274 1612775526 3686676687 2887658704 1848697025 89034885 1056591900 1580805199 3471469158 3824523638 2103365705 3389557574 1959847007 1772842650 2031172260 2498587047 2229537519 4085901385 3597967042 3314302967 2020135213 487842330 35254213 3907512524 3521792804 2812455114 366224699 937270536 1175936122 935183358 2838301611 1960990388 928553209 3213514382 2133060070 4274524550 3894797734 226106695 2084093572 3649510158 347220379 2243541126 3532710246 1152030405 2576077095 1876523473 1749476190 2751406075 2101290725 2127362829 1422295751 3661049969 2758194370 604755070 2260960589 3647307505 3420372231 826134285 232318346 2117550210 2424023439 3712903256 312173075 1638642738 879769624 3885618835 1690170458 4050901222 781273957 116636899 1388802978 2648940282 96134770 3888642065 3785446872 1439333294 2520634761 810341165 2014048895 2929946855 260339084 4163835571 3619856160 2076945032 2544915439 3920003243 677312768 465399214 1003187125 49782576 4144970589 829417989 2044014818 602318828 3207115986 3351160463 4088449991 3120621274 1839966574 1423486530 3577758657 3974235971 60464696 0 0 0 0 0,1.927947998046875,-34.570202130637388
32 29 5 2090769812 3428806982 1336149875 4125957994 3802428779 1970554592 4009730598 979916594 3133725285 649338051 2391457750 1006207709 2777584589 1752644175 3423770806 4187304129 3587152435 1683618327 4034357112 4273752830 2943024189 469783668 661753151 4154329132 112193144 148854298 3841421050 860453837 2460933621 911173137 2427115899 2220363618 3411659553 3592088006 2362626300 2389385262 1276325941 698359248 1159096699 466681598 874175474 27123439 3481746688 3552354701 3954007796 4190701624 2954952809 2701347260 2293519319 331827323 4257616290 1261609304 698865292 1494722287 1511666398 2092644690 1371798528 3927661156 1002866912 565759749 36772165 3220667209 335031695 285074296 2066861795 3520298932 2682145176 2446456124 462505423 2696510465 2933292651 3611948634 3765995414 407563542 3631111128 1106000373 171740457 3198332901 2367701277 1887091487 2944018259 822515213 2653239931 777929476 3060270522 3427414922 1379181731 4055012627 2983982786 3151254991 1504080627 1331009013 3833999262 1805764748 2362108998 730763982 2160827912 3073541119 189390746 1243755339 3599458705 2349889971 1889764046 2968669500 575836570 2062412718 963190173 2944608134 259072760 3550391951 4276586346 3197479574 3499550085 998005875 3321848919 2845220524 3891359190 2523487423 2787882511 3041884278 4057209445 715067885 2392864762 2817250505 2100357174 1950274860 3460187374 4076280728 2059576016 2370654093 2717745609 142083402 4089191805 1901316245 486830111 754459503 3170291968 3226709453 1491462512 2657701332 3702473043 3539606138 3063501607 2058100480 280204565 0 0 0 0 0,1.927947998046875,-37.885854238512969
32 29 5 2102295196 3469441425 2518929490 356154436 259480670 2675109389 2697000933 3416504811 205090982 761907956 2598705908 2279220541 4203487651 1180632769 1733575488 2381682191 638932743 3592624922 3752093403 867683704 50503532 365008140 1588241171 1084404722 1588949082 1406837667 2149468022 3866269926 1953585247 2256452006 4265909875 2921322261 419630310 1427131645 4028583665 3275685431 3020802780 4016753165 2993466926 2884154534 4176590205 3093446818 1643616135 144144386 4126767019 546424547 2259401087 1165920982 828310254 2367475480 1307011818 1538296765 3441642834 1747002860 1715736485 3304017894 3091554552 3878209665 3004896811 38646936 1697110816 3976098171 744694059 3207018599 21891085 265879884 2761398156 1763127598 3917529763 2081576003 988642456 1266830755 3707007957 1122331365 1657203523 3670065386 4049300017 392423624 2519718856 3169550104 2652230648 475941559 4023491541 2256718782 3311056790 2453775178 3523000397 613651680 2613807917 3576307241 3892458585 4169290879 4112629236 850376138 4156637452 747164826 804580089 1249538166 2504858897 2031151137 395397162 2969768908 3369838571 1551525718 3848644583 1146127544 1979719359 3918644630 3243559881 2762323780 2017443909 3067480853 31432389 3843390168 2184188889 2178247975 289627249 1203483576 3660558418 1857282288 748335021 461833615 2530173609 1959793936 3431764480 2410187900 852620448 1428455782 2169105280 3895471845 791690448 2724573622 708136412 1965646064 3046986086 1459309730 1066160874 1801411609 3038446666 265949513 957354192 858062896 383683865 3155691967 1306420687 0 0 0 0 0,1.927947998046875,-35.064894895407396
32 29 5 2312900918 3210907967 1513597642 233193219 4144767478 2027651874 743008511 2714289420 1436819209 1642716892 3500026170 727262951 3919945945 1176038942 1925450389 371001050 3560418366 2632057740 2460443861 898357699 1244396295 601402624 475897890 577199991 421092092 4232565694 491512043 1387059453 1709232194 3926374753 889489296 791093132 1150849024 547150197 757216778 1060744513 324172434 2980214487 179618188 6461088 2935784356 1843740724 394687409 3570533318 3348745305 2762957799 1355614214 3664471680 84377261 2259529536 3490635156 2612844449 3468196924 1237834157 851135461 1016406975 3919691203 3985505166 2681160961 469248748 685654736 1568063678 763318475 1093874558 777946273 2615819658 2554670964 3242984672 3436025230 3905933154 2041688181 2743554546 3553177292 3163836354 1483033981 2094813132 3629090847 38165191 2262175658 2556925600 2481193016 2456078342 63134743 2292446892 1910099754 3113859992 2638152517 3834789740 1769546428 1302906199 2831808859 225176040 1896422721 4001400755 3378754886 3300970554 2645505640 2770409590 2768880622 465501194 3402775064 2457951034 4056771430 1320995737 3136582598 3914124177 108485008 968416896 2593099277 2138111209 1826870071 3845686493 1650182133 808535823 2287212853 3061319827 3882721487 685929879 1396758482 1229549035 2169472125 501475520 3242913661 3152575914 1603932631 1625943491 2573815362 4261181985 886292901 971263773 2619254276 3296243639 1374808628 1354655895 897772506 4268507022 1876821231 1360515725 890728726 549560429 1945699003 278252166 1194162508 729351293 3885331628 0 0 0 0 0,1.927947998046875,-28.994351655282149
32 29 5 2325111107 1895355433 4144488493 2915555780 2102072557 1083295898 1985031954 32220085 47373850 2190340053 2020499879 1911842997 1078289463 3923785016 1674698492 1681705837 2314973253 2000532153 513104200 349605414 1719347903 861739304 2404172965 3168642500 1366504522 784019090 2367259262 759775391 1424054248 1782541669 1933538763 3980731308 2364295304 1209707129 4113842417 3886558037 2256862574 1125224646 1481371068 3425192618 3862937580 2710936834 2164056956 2609080390 104491796 208470787 2202471412 1694994794 2069584104 354816887 4103925543 4087264592 986058964 2771842847 3047863460 3543910080 870032970 3007688963 830382435 2390942490 1759282131 1655420978 1030568812 2770482726 2704918747 572968099 1730103051 1915641335 545985115 1562935153 3284701959 4121607437 2309061500 1082083326 2054443625 2715852879 1139976490 2298033486 2460337290 1658632328 2774777204 2316677355 1288420441 1970994698 2555054713 2576896777 1551112102 3258671797 2330891453 3465226189 1347093883 226300061 2009633111 2112335543 3370893281 648477730 295183692 251341469 1046504499 2122156989 3120799767 2906686897 4038169104 337827546 3934699667 3756192896 218345675 1061648027 1567662259 1853203812 3130208567 1309330455 1274325955 3369369828 2249271433 3566697650 3136785963 3749227427 253867287 2553557275 2451647487 2406743381 723910545 1414019884 4112877595 507195809 4250748730 512944460 3136583450 171380957 2542729353 3489067416 1511875547 3266663015 4089902164 2549770698 8507013 3626797448 2416701240 668807514 3666704900 3629683944 2799419259 2017644854 2914232597 0 0 0 0 0,1.927947998046875,-33.506169852396719
32 29 5 2337927480 1566930750 428336462 3731753101 516035898 3510052080 2580926111 293715583 3757588000 2447156865 291429246 98743071 2876788358 7460844 458490467 3799652241 2209924475 2536135120 1970392691 1662505324 3885128164 361226078 3805824478 3751233836 638859373 3911800734 850181101 3670430710 1742498697 169197836 2994651967 2807743592 448630374 2988871571 2573316684 2243812147 2050689119 695808795 4267611343 2708547574 698404080 1096169837 412236313 1868554113 4270614343 3635201235 1500343216 726419732 3483420669 2081146996 3969990505 1578481355 2043922568 2002016126 1767908559 1912510790 108507121 1063183591 1290413124 3050189097 3073047334 961843939 2455458621 3561843808 3955220541 3897323872 627938677 4033046856 3654433192 2648055925 2522610988 120060331 3250618303 1062249069 3438255364 704114833 682603839 4174407993 676668379 834437573 2165759399 2796426731 2324215556 1383686876 1768876392 3063499506 1047815054 1251852254 152633273 2052566255 3538970189 3424356559 4231560021 2320300339 545194908 3198416059 1948336286 1549763083 4029879411 3284012704 749358152 737076435 31746062 1271874839 269045140 2546040369 686869863 2885785439 3659384501 2556259104 1131339890 137688576 3389566644 117520659 3584648813 2792101922 3912927143 1823179513 553826735 3124123214 1291117357 1681372798 3590441023 1926671501 4079995825 1607460181 2171868176 2450428892 576231380 3416143503 499605305 211278329 1926355436 1648030454 2122689796 3969173683 317327433 3390608037 1810631440 232650806 2705626218 804894096 2144853557 1071730389 638592907 0 0 0 0 0,1.927947998046875,-36.231433326080984
32 29 5 2893868130 4062016285 2721359842 202812407 3177809041 1369436149 3325495348 331635073 2088528002 1605024579 362975016 2363522587 2321971010 1857718111 2316273184 376463704 276401809 4270342866 3980824489 3976235317 2624168014 284051904 210861026 2665459608 4267565489 3427911421 3039790959 2886442452 1869219392 539633149 1377567965 1408476205 2939535569 4169069522 3430433420 2207413760 1118467975 2671182487 3849233787 3115108995 2934926836 3331714792 1591854356 3552193739 177661114 2020271058 508014197 2892475765 284237828 1799156312 3814452368 1315831765 3598271759 4072165562 96085678 110367789 1151130983 1514289447 3301833400 3919768263 654651412 3848136689 1827714761 2428123402 3504070787 2502705488 2676494485 619004860 4164266510 1229522799 102541122 402463919 2727437586 890146898 682654986 2472023326 2689895459 1522899853 1324894886 2968993248 1270390120 396941339 2885135809 2605422028 485520866 4111907388 2758288422 582912331 1091952631 1062951576 2545085520 884247131 2922098455 1555306409 3266039624 3005689492 3624775763 419486168 1596582843 880185637 1371085068 3760650362 2449346829 3134359782 1367913163 307949135 4225463818 2058997218 1972267991 4184023912 3886008488 376683248 1033827008 1949506830 3231779479 153346993 949447778 1723742540 467309880 1338046175 2776451963 4027496279 3668844122 3192263701 9953715 4271203349 2473325617 1146546295 1874144699 3891267499 4078032365 4204308994 1797733329 2388616278 3364663577 2627838457 2502126119 54934656 1173266428 375947023 3133796798 274607565 1708634525 3994427727 455664124 0 0 0 0 0,1.927947998046875,-34.456519753018623
